[DEFAULT]
base_pres = 1001.0687499999999
std_dev = 0.06071192222289956
date = 04/07/24
deltas = [0.46041666666667425, 2.0874166666663996, 2.4865277777777237, 2.870145348837127]

